0 575 220 25
p220 590 40 25
260 575 150 25
p410 590 90 10
500 575 300 25
750 525 50 25
775 475 25 25
775 425 25 25
775 375 25 25
775 325 25 25
775 275 25 25
775 225 25 25
775 175 25 25
375 175 350 25
260 275 350 25
700 200 25 275
650 475 75 25
S650 470 50 10
325 475 150 25
100 425 160 25
100 375 50 25
210 350 25 25
s210 250 25 10
s125 200 25 10
s210 150 25 10
s125 100 25 10
s210 50 25 10
100 300 50 25
100 0 25 425
235 50 25 325
235 100 565 25
b240 500 shuriken25.gif 0 1 0 87
260 0 540 25
p320 25 25 10
p380 25 25 10
S340 90 45 10
b455 525 shuriken25.gif 0 1 0 63
b425 525 shuriken25.gif 0 1 0 63
b500 563 shuriken25.gif 2 0 287 0
b745 145 shuriken25.gif 0 3 0 350
b285 150 shuriken50.gif 1 0 490 0
b285 235 shuriken50.gif 1 0 390 0
b275 315 shuriken25.gif 1 1 400 150
b375 315 shuriken25.gif 1 1 300 150
b275 315 shuriken25.gif 1 1 250 150
S260 265 100 10
b135 415 shuriken25.gif 1 0 110 0
b515 35 shuriken25.gif 2 2 272 50
b135 10 shuriken25.gif 1 0 100 0
e780 25 20 75
